509

19
3584
1248
32
32

19
3584
1280
32
32

19
3584
1312
32
32

19
3616
1344
32
32

19
3584
1344
32
32

19
3648
1376
32
32

19
3680
1376
32
32

19
3712
1376
32
32

19
3744
1376
32
32

19
3776
1376
32
32

19
3808
1376
32
32

19
3840
1376
32
32

19
3872
1376
32
32

19
3616
1376
32
32

19
3616
1408
32
32

19
3616
1440
32
32

19
3584
1568
32
32

19
3616
1568
32
32

19
3648
1568
32
32

19
3680
1568
32
32

19
3712
1568
32
32

19
3744
1568
32
32

19
3776
1568
32
32

19
3808
1568
32
32

19
3840
1568
32
32

19
3872
1568
32
32

19
3904
1568
32
32

19
3936
1568
32
32

19
3968
1568
32
32

19
4000
1568
32
32

19
4032
1568
32
32

19
4032
1536
32
32

19
4032
1504
32
32

19
4032
1472
32
32

19
4032
1440
32
32

19
4000
1440
32
32

19
3968
1440
32
32

19
3936
1440
32
32

19
4032
1408
32
32

19
4032
1376
32
32

19
4032
1344
32
32

19
4032
1312
32
32

19
4032
1280
32
32

19
4032
1248
32
32

19
3584
1472
32
32

19
3584
1504
32
32

19
3584
1536
32
32

19
4000
1056
32
32

19
4032
1056
32
32

19
4032
1024
32
32

19
4032
992
32
32

19
4032
960
32
32

19
4032
928
32
32

19
4032
896
32
32

19
4032
864
32
32

19
3936
992
32
32

19
3904
992
32
32

19
3872
992
32
32

19
3840
992
32
32

19
3808
992
32
32

19
3776
992
32
32

19
3776
1024
32
32

19
3776
1056
32
32

19
3776
1088
32
32

19
3776
1120
32
32

19
3744
1120
32
32

19
3712
1120
32
32

19
3680
1056
32
32

19
3648
1056
32
32

19
3616
992
32
32

19
3584
992
32
32

19
3552
992
32
32

19
3520
992
32
32

19
3488
992
32
32

19
3456
992
32
32

19
3360
992
32
32

19
3328
992
32
32

19
3296
992
32
32

19
3264
992
32
32

19
3232
1056
32
32

19
3200
1056
32
32

19
3104
992
32
32

19
3072
992
32
32

19
3040
992
32
32

19
3008
992
32
32

19
2976
992
32
32

19
2944
992
32
32

19
2912
992
32
32

19
2880
992
32
32

19
2848
992
32
32

19
2816
992
32
32

19
2784
992
32
32

19
2752
992
32
32

19
2720
992
32
32

19
2688
992
32
32

19
2656
992
32
32

19
2624
992
32
32

19
2592
992
32
32

19
2560
992
32
32

19
2528
992
32
32

19
2496
992
32
32

19
2464
992
32
32

19
2432
992
32
32

19
2400
992
32
32

19
2368
992
32
32

19
2336
992
32
32

19
2304
992
32
32

19
2272
992
32
32

19
2240
992
32
32

19
2208
992
32
32

19
2176
992
32
32

19
2144
928
32
32

19
2112
928
32
32

19
2080
992
32
32

19
2016
992
32
32

19
1984
992
32
32

19
1952
992
32
32

19
1920
992
32
32

19
1888
992
32
32

19
1856
992
32
32

19
1824
992
32
32

19
1792
992
32
32

19
1760
992
32
32

19
1728
992
32
32

19
1696
992
32
32

19
1664
992
32
32

19
1632
992
32
32

19
1600
992
32
32

19
1568
992
32
32

19
1568
960
32
32

19
1568
928
32
32

19
1568
896
32
32

19
1568
864
32
32

19
1600
928
32
32

19
1632
928
32
32

19
1728
768
32
32

19
1760
768
32
32

19
1856
768
32
32

19
1888
768
32
32

19
1984
736
32
32

19
2048
736
32
32

19
2080
736
32
32

19
2016
736
32
32

19
2176
736
32
32

19
2208
736
32
32

19
2240
736
32
32

19
2272
736
32
32

19
2368
736
32
32

19
2400
736
32
32

19
2432
736
32
32

19
2464
736
32
32

19
2496
736
32
32

19
2528
736
32
32

19
2560
736
32
32

19
2592
736
32
32

19
2624
736
32
32

19
2656
736
32
32

19
2688
736
32
32

19
2720
736
32
32

19
2752
736
32
32

19
2784
736
32
32

19
2816
736
32
32

19
2848
736
32
32

19
2880
736
32
32

19
2912
736
32
32

19
2944
736
32
32

19
2976
736
32
32

19
3008
736
32
32

19
3008
704
32
32

19
3008
672
32
32

19
3008
640
32
32

19
3008
608
32
32

19
3008
576
32
32

19
3008
544
32
32

19
3008
512
32
32

19
3008
480
32
32

19
2976
608
32
32

19
2944
608
32
32

19
2912
608
32
32

19
2880
608
32
32

19
2848
608
32
32

19
2816
608
32
32

19
2784
544
32
32

19
2752
544
32
32

19
2720
672
32
32

19
2688
672
32
32

19
2656
608
32
32

19
2624
608
32
32

19
2592
608
32
32

19
2560
608
32
32

19
2528
608
32
32

19
2496
608
32
32

19
2272
608
32
32

19
2240
608
32
32

19
2016
608
32
32

19
1984
608
32
32

19
1952
608
32
32

19
1920
608
32
32

19
1888
608
32
32

19
1856
608
32
32

19
1824
608
32
32

19
1792
608
32
32

19
1760
608
32
32

19
1728
608
32
32

19
1696
608
32
32

19
1664
608
32
32

19
1632
672
32
32

19
1600
672
32
32

19
1568
672
32
32

19
1536
672
32
32

19
1504
672
32
32

19
1472
672
32
32

19
1440
672
32
32

19
1408
672
32
32

19
1568
544
32
32

19
1568
512
32
32

19
1568
480
32
32

19
1536
544
32
32

19
1504
544
32
32

19
1472
544
32
32

19
1440
544
32
32

19
1408
544
32
32

19
1376
544
32
32

19
1344
544
32
32

19
1312
544
32
32

19
1280
544
32
32

19
1248
544
32
32

19
1216
544
32
32

19
1184
544
32
32

19
1152
544
32
32

19
1120
544
32
32

19
1088
544
32
32

19
1056
544
32
32

19
1024
544
32
32

19
992
544
32
32

19
960
544
32
32

19
928
544
32
32

19
1376
704
32
32

19
1344
704
32
32

19
1344
736
32
32

19
1344
768
32
32

19
1344
800
32
32

19
1312
800
32
32

19
1280
800
32
32

19
1248
800
32
32

19
1216
800
32
32

19
1184
800
32
32

19
1152
800
32
32

19
1120
800
32
32

19
1088
800
32
32

19
1056
800
32
32

19
1024
800
32
32

19
992
800
32
32

19
992
768
32
32

19
992
736
32
32

19
960
736
32
32

19
928
736
32
32

19
864
736
32
32

19
832
736
32
32

19
800
736
32
32

19
896
736
32
32

19
768
736
32
32

19
736
736
32
32

19
704
736
32
32

19
672
736
32
32

19
640
736
32
32

19
608
736
32
32

19
576
736
32
32

19
544
736
32
32

19
512
736
32
32

19
480
736
32
32

19
448
736
32
32

19
416
736
32
32

19
384
736
32
32

19
352
736
32
32

19
320
736
32
32

19
288
736
32
32

19
256
736
32
32

19
224
736
32
32

19
192
736
32
32

19
160
736
32
32

19
128
736
32
32

19
96
736
32
32

19
64
736
32
32

19
32
736
32
32

19
32
704
32
32

19
32
672
32
32

19
32
640
32
32

19
32
608
32
32

19
32
576
32
32

19
32
544
32
32

19
256
704
32
32

19
288
704
32
32

19
384
640
32
32

19
416
640
32
32

19
448
608
32
32

19
480
608
32
32

19
512
544
32
32

19
544
544
32
32

19
576
544
32
32

19
608
544
32
32

19
640
544
32
32

19
672
544
32
32

19
704
544
32
32

19
736
544
32
32

19
768
544
32
32

19
800
544
32
32

19
832
544
32
32

19
864
544
32
32

19
896
544
32
32

19
1472
512
32
32

19
1472
480
32
32

19
1440
352
32
32

19
1472
352
32
32

19
1472
320
32
32

19
1472
288
32
32

19
1472
256
32
32

19
1472
224
32
32

19
1472
192
32
32

19
1472
160
32
32

19
1472
128
32
32

19
1376
320
32
32

19
1344
320
32
32

19
1312
320
32
32

19
1280
320
32
32

19
1248
320
32
32

19
1216
320
32
32

19
1184
320
32
32

19
1152
320
32
32

19
1120
320
32
32

19
1088
320
32
32

19
1056
320
32
32

19
1024
320
32
32

19
992
320
32
32

19
960
320
32
32

19
928
320
32
32

19
896
320
32
32

19
864
320
32
32

19
832
320
32
32

19
800
320
32
32

19
768
320
32
32

19
736
320
32
32

19
704
320
32
32

19
672
320
32
32

19
640
320
32
32

19
608
320
32
32

19
576
320
32
32

19
544
320
32
32

19
512
320
32
32

19
480
320
32
32

19
448
320
32
32

19
416
352
32
32

19
384
352
32
32

19
352
352
32
32

19
320
352
32
32

19
288
352
32
32

19
256
352
32
32

19
224
352
32
32

19
192
352
32
32

19
160
352
32
32

19
128
352
32
32

19
64
352
32
32

19
32
352
32
32

19
0
352
32
32

19
32
224
32
32

19
32
192
32
32

19
32
160
32
32

19
32
128
32
32

19
32
96
32
32

16
0
256
32
96

16
1536
576
32
96

16
3072
896
32
96

2
3681
1297
34
64

2
3729
1039
34
64

2
3313
919
34
64

2
1955
907
34
64

2
2499
660
34
64

2
2563
527
34
64

2
2950
525
34
64

1
3668
1264
32
32

1
3667
881
32
32

1
274
543
32
32

0
568
213
32
32

0
975
217
32
32

0
1985
674
32
32

0
2242
672
32
32

0
2587
897
32
32

3
480
544
32
64

3
607
480
32
64

22
192
256
64
64

4
682
723
32
32

4
942
528
32
32

26
3992
1461
32
32

26
2070
929
32
32

26
148
608
32
32

26
402
225
32
32

26
402
226
32
32

25
534
213
32
32

25
659
215
32
32

25
790
216
32
32

25
918
214
32
32

25
1171
213
32
32

25
1299
213
32
32

25
1431
210
32
32

25
1810
486
32
32

25
2069
487
32
32

25
1938
662
32
32

25
2321
485
32
32

25
2194
664
32
32

25
2447
662
32
32

25
2706
485
32
32

25
2963
485
32
32

25
2961
867
32
32

25
2835
866
32
32

25
2705
869
32
32

25
2580
867
32
32

25
2323
868
32
32

25
2192
868
32
32

25
1940
866
32
32

25
1810
935
32
32

25
1686
874
32
32

25
3218
871
32
32

25
3473
866
32
32

25
3603
868
32
32

25
3733
868
32
32

25
3861
867
32
32

25
3987
868
32
32

25
278
659
32
32

25
407
662
32
32

25
529
674
32
32

25
663
676
32
32

25
916
675
32
32

34
240
323
32
32

35
1043
212
32
32

27
787
673
32
32

25
1041
674
32
32

25
1170
675
32
32

25
1299
677
32
32

28
1679
674
32
32

38
2448
869
32
32

28
3347
868
32
32

37
3730
1443
32
32

15
3808
1536
32
32

15
3744
1344
32
32

15
1632
896
32
32

15
320
672
32
32

15
1312
512
32
32

17
3808
1216
96
32

17
1631
832
96
32

17
1311
448
96
32

13
3904
1440
32
32

13
3968
1056
32
32

13
352
640
32
32

13
1696
768
32
32

13
1408
352
32
32

21
3730
1442
32
32

21
3992
1463
32
32

21
3859
1254
32
32

21
3988
870
32
32

21
3861
867
32
32

21
3732
868
32
32

21
3603
868
32
32

21
3472
865
32
32

21
3347
868
32
32

21
3218
872
32
32

9
3137
993
64
32

9
2050
608
64
32

9
2370
610
64
32

21
402
225
32
32

21
533
214
32
32

21
657
213
32
32

21
789
216
32
32

21
917
214
32
32

21
1043
212
32
32

21
1171
214
32
32

21
1298
213
32
32

21
1430
210
32
32

21
1300
677
32
32

21
1169
676
32
32

21
1040
673
32
32

21
917
675
32
32

21
787
672
32
32

21
662
675
32
32

21
527
674
32
32

21
404
662
32
32

21
279
659
32
32

21
147
610
32
32

21
1810
487
32
32

21
2068
487
32
32

21
2323
485
32
32

21
1939
662
32
32

21
2192
664
32
32

21
2448
662
32
32

21
2706
486
32
32

21
2577
481
32
32

21
2962
484
32
32

21
2833
671
32
32

21
2959
866
32
32

21
2836
865
32
32

21
2705
868
32
32

21
2579
867
32
32

21
2448
866
32
32

21
2323
866
32
32

21
2190
869
32
32

21
2191
869
32
32

21
2071
929
32
32

21
1685
874
32
32

21
1940
867
32
32

21
1809
937
32
32

