36

19
3584
1568
32
32

19
3616
1568
32
32

19
3648
1568
32
32

19
3680
1568
32
32

19
3712
1568
32
32

19
3744
1568
32
32

19
3776
1568
32
32

19
3808
1568
32
32

19
3840
1568
32
32

19
3872
1568
32
32

19
3904
1568
32
32

19
3936
1568
32
32

19
3968
1568
32
32

19
4000
1568
32
32

19
4032
1568
32
32

19
4032
1536
32
32

19
4032
1504
32
32

19
4032
1472
32
32

19
4032
1440
32
32

19
4000
1440
32
32

19
3968
1440
32
32

19
3936
1440
32
32

19
3616
1344
32
32

19
3616
1376
32
32

19
3616
1408
32
32

19
3616
1440
32
32

19
3584
1376
32
32

19
3648
1376
32
32

19
3680
1376
32
32

19
3712
1376
32
32

19
3744
1376
32
32

19
3776
1376
32
32

19
3808
1376
32
32

19
3840
1376
32
32

19
3872
1376
32
32

16
3776
1472
32
96

