77

19
3584
1568
32
32

19
3616
1568
32
32

19
3648
1568
32
32

19
3680
1568
32
32

19
3712
1568
32
32

19
3744
1568
32
32

19
3776
1568
32
32

19
3808
1568
32
32

19
3840
1568
32
32

19
3872
1568
32
32

19
3904
1568
32
32

19
3936
1568
32
32

19
3968
1568
32
32

19
4000
1568
32
32

19
4032
1568
32
32

19
4032
1536
32
32

19
4064
1504
32
32

19
4064
1472
32
32

19
4032
1472
32
32

19
4032
1440
32
32

19
4032
1504
32
32

19
4064
1536
32
32

19
4000
1440
32
32

19
3968
1440
32
32

19
3936
1440
32
32

19
4032
1408
32
32

19
4032
1376
32
32

19
4032
1344
32
32

19
4032
1312
32
32

19
4032
1280
32
32

19
4032
1248
32
32

19
3872
1376
32
32

19
3840
1376
32
32

19
3808
1376
32
32

19
3776
1376
32
32

19
3744
1376
32
32

19
3712
1376
32
32

19
3680
1376
32
32

19
3648
1376
32
32

19
3616
1376
32
32

19
3616
1344
32
32

19
3584
1344
32
32

19
3584
1312
32
32

19
3584
1280
32
32

19
3584
1248
32
32

19
4000
1056
32
32

19
4032
1056
32
32

19
4032
1024
32
32

19
4032
992
32
32

19
4032
960
32
32

19
4032
928
32
32

19
4032
896
32
32

19
4032
864
32
32

19
3936
992
32
32

19
3904
992
32
32

19
3872
992
32
32

19
3840
992
32
32

19
3808
992
32
32

19
3776
992
32
32

19
3616
1408
32
32

19
3616
1440
32
32

13
3904
1440
32
32

13
3968
1056
32
32

15
3808
1536
32
32

15
3744
1344
32
32

11
3840
1504
32
32

11
3872
1472
32
32

11
3776
1312
32
32

11
3808
1280
32
32

11
3840
1248
32
32

11
3840
1184
32
32

11
3872
1152
32
32

11
3904
1120
32
32

11
3936
1088
32
32

17
3810
1216
96
32

16
3584
1472
32
96

16
3936
1472
32
96

