715

22
193
257
64
64

19
0
96
32
32

19
32
96
32
32

19
32
128
32
32

19
32
160
32
32

19
32
192
32
32

19
32
224
32
32

19
0
224
32
32

19
0
192
32
32

19
0
160
32
32

19
0
128
32
32

19
0
352
32
32

19
32
352
32
32

19
64
352
32
32

19
96
352
32
32

19
128
352
32
32

19
160
352
32
32

19
192
352
32
32

19
224
352
32
32

19
256
352
32
32

19
288
352
32
32

19
320
352
32
32

19
352
352
32
32

19
384
352
32
32

19
416
352
32
32

19
448
320
32
32

19
512
320
32
32

19
544
320
32
32

19
576
320
32
32

19
608
320
32
32

19
640
320
32
32

19
672
320
32
32

19
480
320
32
32

19
704
320
32
32

19
736
320
32
32

19
768
320
32
32

19
800
320
32
32

19
832
320
32
32

19
864
320
32
32

19
896
320
32
32

19
928
320
32
32

19
960
320
32
32

19
992
320
32
32

19
1024
320
32
32

19
1088
320
32
32

19
1120
320
32
32

19
1152
320
32
32

19
1184
320
32
32

19
1216
320
32
32

19
1248
320
32
32

19
1280
320
32
32

19
1312
320
32
32

19
1312
544
32
32

19
1280
544
32
32

19
1248
544
32
32

19
1216
544
32
32

19
1184
544
32
32

19
1152
544
32
32

19
1120
544
32
32

19
1088
544
32
32

19
1056
544
32
32

19
1024
544
32
32

19
992
544
32
32

19
960
544
32
32

19
928
544
32
32

19
896
544
32
32

19
864
544
32
32

19
832
544
32
32

19
800
544
32
32

19
768
544
32
32

19
736
544
32
32

19
704
544
32
32

19
672
544
32
32

19
640
544
32
32

19
608
544
32
32

19
576
544
32
32

19
544
544
32
32

19
512
544
32
32

19
0
480
32
32

19
0
512
32
32

19
0
544
32
32

19
0
576
32
32

19
0
608
32
32

19
0
640
32
32

19
0
672
32
32

19
0
704
32
32

19
0
736
32
32

19
0
768
32
32

19
0
800
32
32

19
32
800
32
32

19
32
768
32
32

19
32
736
32
32

19
32
704
32
32

19
32
672
32
32

19
32
640
32
32

19
32
608
32
32

19
32
576
32
32

19
32
544
32
32

19
32
512
32
32

19
32
480
32
32

19
64
736
32
32

19
96
736
32
32

19
128
736
32
32

19
160
736
32
32

19
192
736
32
32

19
224
736
32
32

19
256
736
32
32

19
288
736
32
32

19
320
736
32
32

19
352
736
32
32

19
384
736
32
32

19
416
736
32
32

19
448
736
32
32

19
480
736
32
32

19
512
736
32
32

19
544
736
32
32

19
576
736
32
32

19
608
736
32
32

19
640
736
32
32

19
672
736
32
32

19
704
736
32
32

19
736
736
32
32

19
768
736
32
32

19
800
736
32
32

19
832
736
32
32

19
864
736
32
32

19
896
736
32
32

19
928
736
32
32

19
960
736
32
32

19
992
736
32
32

19
288
704
32
32

19
384
640
32
32

19
416
640
32
32

19
448
608
32
32

19
480
608
32
32

19
960
768
32
32

19
992
768
32
32

19
960
800
32
32

19
992
800
32
32

19
1024
800
32
32

19
1056
800
32
32

19
1088
800
32
32

19
1120
800
32
32

19
1152
800
32
32

19
1184
800
32
32

19
1216
800
32
32

19
1248
800
32
32

19
1280
800
32
32

19
1312
800
32
32

19
1440
352
32
32

19
1472
96
32
32

19
1504
96
32
32

19
1504
128
32
32

19
1504
160
32
32

19
1504
192
32
32

19
1504
256
32
32

19
1504
288
32
32

19
1504
352
32
32

19
1504
384
32
32

19
1504
416
32
32

19
1472
384
32
32

19
1472
320
32
32

19
1472
256
32
32

19
1472
224
32
32

19
1472
192
32
32

19
1472
160
32
32

19
1472
128
32
32

19
1504
224
32
32

19
1472
352
32
32

19
1472
288
32
32

19
1472
416
32
32

19
1472
480
32
32

19
1504
480
32
32

19
1536
480
32
32

19
1568
480
32
32

19
1568
512
32
32

19
1536
544
32
32

19
1536
512
32
32

19
1504
512
32
32

19
1568
544
32
32

19
1504
544
32
32

19
1472
544
32
32

19
1472
512
32
32

19
1440
544
32
32

19
1408
544
32
32

19
1376
544
32
32

19
1344
544
32
32

19
1344
800
32
32

19
1376
800
32
32

19
1408
800
32
32

19
1472
800
32
32

19
1504
800
32
32

19
1536
800
32
32

19
1568
800
32
32

19
1440
800
32
32

19
1440
768
32
32

19
1376
768
32
32

19
1344
768
32
32

19
1344
736
32
32

19
1344
704
32
32

19
1376
704
32
32

19
1376
736
32
32

19
1408
736
32
32

19
1408
704
32
32

19
1440
704
32
32

19
1440
736
32
32

19
1408
768
32
32

19
1472
768
32
32

19
1472
736
32
32

19
1504
736
32
32

19
1504
768
32
32

19
1536
736
32
32

19
1536
768
32
32

19
1568
768
32
32

19
1568
736
32
32

19
1568
704
32
32

19
1536
704
32
32

19
1504
704
32
32

19
1472
704
32
32

19
1472
672
32
32

19
1440
672
32
32

19
1504
672
32
32

19
1536
672
32
32

19
1568
672
32
32

19
1600
672
32
32

19
1632
672
32
32

19
1664
608
32
32

19
1696
608
32
32

19
1728
608
32
32

19
1760
608
32
32

19
1792
608
32
32

19
1824
608
32
32

19
1856
608
32
32

19
1888
608
32
32

19
1920
608
32
32

19
1952
608
32
32

19
1984
608
32
32

19
2016
608
32
32

19
1728
768
32
32

19
1760
768
32
32

19
1856
768
32
32

19
1888
768
32
32

19
1984
736
32
32

19
2016
736
32
32

19
2048
736
32
32

19
2080
736
32
32

19
2176
736
32
32

19
2208
736
32
32

19
2240
736
32
32

19
2272
736
32
32

19
2272
608
32
32

19
2240
608
32
32

19
1536
864
32
32

19
1536
896
32
32

19
1568
928
32
32

19
1568
960
32
32

19
1568
992
32
32

19
1568
1024
32
32

19
1568
1056
32
32

19
1568
1088
32
32

19
1568
1120
32
32

19
1536
1120
32
32

19
1536
1152
32
32

19
1536
1184
32
32

19
1536
1056
32
32

19
1536
1024
32
32

19
1536
992
32
32

19
1536
960
32
32

19
1536
928
32
32

19
1568
864
32
32

19
1568
1152
32
32

19
1568
1184
32
32

19
1568
896
32
32

19
1600
928
32
32

19
1632
928
32
32

19
1600
992
32
32

19
1632
992
32
32

19
1664
992
32
32

19
1696
992
32
32

19
1728
992
32
32

19
1760
992
32
32

19
1792
992
32
32

19
1824
992
32
32

19
1856
992
32
32

19
1888
992
32
32

19
1920
992
32
32

19
1952
992
32
32

19
1984
992
32
32

19
2016
992
32
32

19
2048
992
32
32

19
2080
992
32
32

19
2144
928
32
32

19
2112
928
32
32

19
2176
992
32
32

19
2208
992
32
32

19
2240
992
32
32

19
2272
992
32
32

19
2304
992
32
32

19
2336
992
32
32

19
2368
992
32
32

19
2400
992
32
32

19
2432
992
32
32

19
2464
992
32
32

19
2496
992
32
32

19
2528
992
32
32

19
2560
992
32
32

19
2592
992
32
32

19
2624
992
32
32

19
2656
992
32
32

19
2688
992
32
32

19
2720
992
32
32

19
2752
992
32
32

19
2784
992
32
32

19
2816
992
32
32

19
2848
992
32
32

19
2880
992
32
32

19
2912
992
32
32

19
2944
992
32
32

19
2976
992
32
32

19
3008
992
32
32

19
3040
992
32
32

19
3072
992
32
32

19
3104
992
32
32

19
3072
864
32
32

19
3008
1024
32
32

19
3008
1056
32
32

19
3008
1088
32
32

19
3008
1120
32
32

19
3008
1152
32
32

19
3008
1184
32
32

19
3040
1184
32
32

19
3040
1152
32
32

19
3040
1120
32
32

19
3040
1088
32
32

19
3040
1056
32
32

19
3040
1024
32
32

19
3072
1024
32
32

19
3072
1056
32
32

19
3072
1088
32
32

19
3072
1120
32
32

19
3072
1152
32
32

19
3072
1184
32
32

19
2496
608
32
32

19
2592
608
32
32

19
2624
608
32
32

19
2560
608
32
32

19
2528
608
32
32

19
2656
608
32
32

19
2752
544
32
32

19
2816
608
32
32

19
2848
608
32
32

19
2880
608
32
32

19
2912
608
32
32

19
2944
608
32
32

19
2976
608
32
32

19
3008
608
32
32

19
3008
640
32
32

19
3008
672
32
32

19
3008
704
32
32

19
3008
736
32
32

19
3008
768
32
32

19
3008
800
32
32

19
3040
800
32
32

19
3040
768
32
32

19
3040
736
32
32

19
3040
704
32
32

19
3040
672
32
32

19
3040
640
32
32

19
3040
608
32
32

19
3040
576
32
32

19
3040
544
32
32

19
3040
512
32
32

19
3040
480
32
32

19
3008
480
32
32

19
3008
512
32
32

19
3008
544
32
32

19
3008
576
32
32

19
2976
736
32
32

19
2944
736
32
32

19
2912
736
32
32

19
2880
736
32
32

19
2848
736
32
32

19
2816
736
32
32

19
2784
736
32
32

19
2752
736
32
32

19
2720
736
32
32

19
2688
736
32
32

19
2656
736
32
32

19
2624
736
32
32

19
2592
736
32
32

19
2560
736
32
32

19
2528
736
32
32

19
2496
736
32
32

19
2464
736
32
32

19
2432
736
32
32

19
2400
736
32
32

19
2368
736
32
32

19
3264
992
32
32

19
3296
992
32
32

19
3328
992
32
32

19
3360
992
32
32

19
3360
1024
32
32

19
3360
1056
32
32

19
3360
1088
32
32

19
3360
1120
32
32

19
3360
1152
32
32

19
3360
1184
32
32

19
3328
1184
32
32

19
3328
1152
32
32

19
3328
1120
32
32

19
3328
1056
32
32

19
3328
1024
32
32

19
3232
1056
32
32

19
3200
1056
32
32

19
3328
1088
32
32

19
3456
992
32
32

19
3520
992
32
32

19
3552
992
32
32

19
3584
992
32
32

19
3616
992
32
32

19
3488
992
32
32

19
3520
1024
32
32

19
3520
1056
32
32

19
3520
1088
32
32

19
3520
1120
32
32

19
3520
1152
32
32

19
3520
1184
32
32

19
3552
1184
32
32

19
3552
1152
32
32

19
3552
1120
32
32

19
3552
1088
32
32

19
3552
1056
32
32

19
3552
1024
32
32

19
3584
1024
32
32

19
3584
1056
32
32

19
3584
1088
32
32

19
3584
1120
32
32

19
3584
1152
32
32

19
3584
1184
32
32

19
3584
1248
32
32

19
3584
1280
32
32

19
3584
1312
32
32

19
3584
1344
32
32

19
3584
1376
32
32

19
3584
1408
32
32

19
3584
1440
32
32

19
3616
1440
32
32

19
3616
1408
32
32

19
3616
1376
32
32

19
3616
1344
32
32

19
3648
1376
32
32

19
3680
1376
32
32

19
3712
1376
32
32

19
3744
1376
32
32

19
3776
1376
32
32

19
3808
1376
32
32

19
3840
1376
32
32

19
3872
1376
32
32

19
3584
1568
32
32

19
3616
1568
32
32

19
3648
1568
32
32

19
3680
1568
32
32

19
3712
1568
32
32

19
3744
1568
32
32

19
3776
1568
32
32

19
3808
1568
32
32

19
3840
1568
32
32

19
3872
1568
32
32

19
3904
1568
32
32

19
3936
1568
32
32

19
3968
1568
32
32

19
4000
1568
32
32

19
4032
1568
32
32

19
4032
1536
32
32

19
4032
1504
32
32

19
4032
1472
32
32

19
4032
1440
32
32

19
4000
1440
32
32

19
3968
1440
32
32

19
3936
1440
32
32

19
4064
1568
32
32

19
4064
1536
32
32

19
4064
1504
32
32

19
4064
1472
32
32

19
4096
1472
32
32

19
4096
1440
32
32

19
4064
1408
32
32

19
4064
1376
32
32

19
4064
1440
32
32

19
4064
1344
32
32

19
4064
1312
32
32

19
4064
1280
32
32

19
4064
1248
32
32

19
4032
1248
32
32

19
4032
1280
32
32

19
4032
1312
32
32

19
4032
1344
32
32

19
4032
1184
32
32

19
4032
1152
32
32

19
4032
1120
32
32

19
4032
1088
32
32

19
4032
1056
32
32

19
4032
1024
32
32

19
4032
992
32
32

19
4032
960
32
32

19
4032
928
32
32

19
4032
896
32
32

19
4032
864
32
32

19
4064
864
32
32

19
4064
896
32
32

19
4064
928
32
32

19
4096
960
32
32

19
4096
992
32
32

19
4096
1024
32
32

19
4096
1056
32
32

19
4096
1088
32
32

19
4064
1120
32
32

19
4064
1184
32
32

19
4064
1152
32
32

19
4064
1088
32
32

19
4064
1056
32
32

19
4064
1024
32
32

19
4064
992
32
32

19
4064
960
32
32

19
3936
992
32
32

19
3904
992
32
32

19
3872
992
32
32

19
3840
992
32
32

19
3808
992
32
32

19
3808
1024
32
32

19
3808
1056
32
32

19
3808
1088
32
32

19
3808
1120
32
32

19
3776
1120
32
32

19
3744
1120
32
32

19
3712
1120
32
32

19
3776
1088
32
32

19
3776
1056
32
32

19
3776
1024
32
32

19
3680
1056
32
32

19
3648
1056
32
32

19
4000
1056
32
32

16
0
256
32
96

16
1536
576
32
96

16
3072
896
32
96

16
3584
1472
32
96

0
569
214
32
32

0
974
275
32
32

0
1972
690
32
32

0
2242
672
32
32

0
2151
760
32
32

1
276
545
32
32

1
3667
1266
32
32

1
3666
883
32
32

0
2586
898
32
32

4
942
527
32
32

4
679
722
32
32

34
241
323
32
32

3
481
544
32
64

3
609
480
32
64

2
3841
1312
34
64

2
3328
929
34
64

2
2959
545
34
64

2
3713
1057
34
64

2
1946
929
34
64

2
2498
672
34
64

2
2565
546
34
64

17
3809
1216
96
32

17
1631
833
96
32

17
1313
450
96
32

9
3138
993
64
32

9
2048
610
64
32

9
2370
609
64
32

15
3808
1536
32
32

15
3744
1344
32
32

15
3840
1184
32
32

15
1632
896
32
32

15
1664
800
32
32

15
320
672
32
32

15
1312
512
32
32

15
1344
416
32
32

13
3904
1440
32
32

13
3840
1248
32
32

13
3968
1056
32
32

13
1696
768
32
32

13
352
640
32
32

13
1408
352
32
32

11
1344
480
32
32

11
1376
384
32
32

11
1664
864
32
32

11
3840
1504
32
32

11
3872
1472
32
32

11
3776
1312
32
32

11
3808
1280
32
32

11
3872
1152
32
32

11
3904
1120
32
32

11
3936
1088
32
32

26
3991
1459
32
32

26
2062
928
32
32

26
145
610
32
32

26
402
226
32
32

25
3859
1249
32
32

25
3984
865
32
32

25
3858
865
32
32

25
3728
866
32
32

25
3603
867
32
32

25
3471
864
32
32

25
3211
863
32
32

25
2957
865
32
32

25
2830
864
32
32

25
2703
865
32
32

25
2576
864
32
32

25
2320
865
32
32

25
2191
864
32
32

25
1938
865
32
32

26
1805
927
32
32

25
2961
481
32
32

25
2703
480
32
32

25
2447
659
32
32

25
2319
480
32
32

25
2188
662
32
32

25
1935
660
32
32

25
2062
481
32
32

25
1808
481
32
32

25
1296
674
32
32

25
1168
673
32
32

25
1040
673
32
32

25
657
673
32
32

25
527
672
32
32

25
404
658
32
32

25
276
660
32
32

25
531
213
32
32

25
658
214
32
32

25
786
214
32
32

25
913
213
32
32

25
1170
212
32
32

25
1297
211
32
32

25
1426
208
32
32

32
3777
992
32
32

32
255
704
32
32

29
1409
673
32
32

29
2784
546
32
32

28
849
288
32
32

28
1682
672
32
32

28
2833
671
32
32

25
1683
866
32
32

28
3344
864
32
32

27
786
673
32
32

35
1042
212
32
32

39
915
672
32
32

38
2449
864
32
32

37
3728
1441
32
32

30
3840
1537
32
32

18
704
640
64
32

18
832
608
64
32

18
961
607
64
32

20
4032
1376
32
32

20
4032
1408
32
32

20
3776
992
32
32

20
2784
545
32
32

20
256
705
32
32

21
3992
1460
32
32

21
3728
1441
32
32

21
3860
1250
32
32

21
3983
865
32
32

21
3857
864
32
32

21
3727
865
32
32

21
3603
865
32
32

21
3471
864
32
32

21
3344
864
32
32

21
3212
866
32
32

21
2958
863
32
32

21
2830
865
32
32

21
2961
481
32
32

21
2832
671
32
32

21
2062
930
32
32

21
1803
928
32
32

21
1681
865
32
32

21
1936
864
32
32

21
2191
864
32
32

21
2319
866
32
32

21
2448
864
32
32

31
2318
960
32
32

21
2576
865
32
32

21
2702
865
32
32

21
2702
479
32
32

21
2446
660
32
32

40
2575
482
32
32

21
2575
483
32
32

21
2319
480
32
32

21
2188
662
32
32

21
1935
658
32
32

21
2061
480
32
32

21
1808
482
32
32

21
1679
672
32
32

21
1295
675
32
32

21
1169
673
32
32

21
1040
672
32
32

21
1425
209
32
32

21
1297
210
32
32

21
1169
210
32
32

21
1042
213
32
32

21
911
213
32
32

21
786
213
32
32

21
659
214
32
32

21
532
213
32
32

21
401
225
32
32

21
144
611
32
32

21
275
660
32
32

21
404
659
32
32

21
527
674
32
32

21
657
672
32
32

21
785
673
32
32

21
916
673
32
32

20
1408
672
32
32

