117

19
3584
1568
32
32

19
3616
1568
32
32

19
3648
1568
32
32

19
3680
1568
32
32

19
3712
1568
32
32

19
3744
1568
32
32

19
3776
1568
32
32

19
3808
1568
32
32

19
3840
1568
32
32

19
3872
1568
32
32

19
3904
1568
32
32

19
3936
1568
32
32

19
3968
1568
32
32

19
4000
1568
32
32

19
4032
1568
32
32

19
4032
1536
32
32

19
4032
1504
32
32

19
4032
1472
32
32

19
4032
1440
32
32

19
4000
1440
32
32

19
3968
1440
32
32

19
3936
1440
32
32

19
4032
1408
32
32

19
4032
1376
32
32

19
4032
1344
32
32

19
4032
1312
32
32

19
4032
1280
32
32

19
4032
1248
32
32

19
3872
1376
32
32

19
3840
1376
32
32

19
3808
1376
32
32

19
3776
1376
32
32

19
3744
1376
32
32

19
3712
1376
32
32

19
3680
1376
32
32

19
3648
1376
32
32

19
3616
1376
32
32

19
3616
1344
32
32

19
3584
1344
32
32

19
3584
1312
32
32

19
3584
1280
32
32

19
3584
1248
32
32

13
3904
1440
32
32

13
3968
1056
32
32

15
3808
1536
32
32

15
3744
1344
32
32

19
4000
1056
32
32

19
4032
1056
32
32

19
4032
1024
32
32

19
4032
992
32
32

19
4032
960
32
32

19
4032
928
32
32

19
4032
896
32
32

19
4032
864
32
32

19
3936
992
32
32

19
3904
992
32
32

19
3872
992
32
32

19
3840
992
32
32

19
3808
992
32
32

19
3776
992
32
32

19
3776
1024
32
32

19
3776
1056
32
32

19
3776
1088
32
32

19
3776
1120
32
32

19
3744
1120
32
32

19
3712
1120
32
32

19
3648
1056
32
32

19
3680
1056
32
32

19
3616
992
32
32

19
3584
992
32
32

19
3552
992
32
32

19
3520
992
32
32

19
3488
992
32
32

19
3456
992
32
32

19
3360
992
32
32

19
3328
992
32
32

19
3296
992
32
32

19
3264
992
32
32

19
3232
1056
32
32

19
3200
1056
32
32

19
3136
992
32
32

19
3168
992
32
32

19
3104
992
32
32

19
3072
992
32
32

19
3040
992
32
32

19
3008
992
32
32

19
2976
992
32
32

19
2944
992
32
32

19
2912
992
32
32

19
2880
992
32
32

19
2848
992
32
32

19
2816
992
32
32

19
2784
992
32
32

19
2752
992
32
32

19
2720
992
32
32

19
2688
992
32
32

19
2656
992
32
32

19
2624
992
32
32

19
2592
992
32
32

19
2560
992
32
32

19
2528
992
32
32

19
2496
992
32
32

19
2464
992
32
32

19
2432
992
32
32

19
2400
992
32
32

19
2368
992
32
32

19
2336
992
32
32

19
2304
992
32
32

19
3072
864
32
32

16
3072
896
32
96

19
3584
1472
32
32

19
3584
1504
32
32

19
3584
1536
32
32

19
3616
1440
32
32

19
3616
1408
32
32

19
3872
1536
32
32

2
3969
1490
34
64

