0			0			2048			816			4			0			
0			0			1024			408			0			0			
1024			0			1024			408			0			0			
0			408			1024			408			0			0			
1024			408			1024			408			4			0			
1024			408			512			204			0			0			
1536			408			512			204			0			0			
1024			612			512			204			0			0			
1536			612			512			204			4			0			
1536			612			256			102			0			0			
1792			612			256			102			0			14			19		20		21		31		32		33		34		35		36		37		38		39		40		41		
1536			714			256			102			0			0			
1792			714			256			102			0			30			0		1		2		3		4		5		6		7		8		9		10		11		12		13		14		15		16		17		18		19		22		23		24		25		26		27		28		29		30		39		
