42

13
1792
785
16
16

13
1808
785
16
16

13
1824
785
16
16

13
1840
785
16
16

13
1856
785
16
16

13
1872
785
16
16

13
1888
785
16
16

13
1920
785
16
16

13
1904
785
16
16

13
1936
785
16
16

13
1952
785
16
16

13
1968
785
16
16

13
1984
785
16
16

13
2000
785
16
16

13
2016
785
16
16

13
2016
769
16
16

13
2016
753
16
16

13
2016
737
16
16

13
2016
721
16
16

13
2016
705
16
16

13
2016
689
16
16

13
2016
673
16
16

13
2000
721
16
16

13
2000
721
16
16

13
1968
721
16
16

13
1808
721
16
16

13
1792
721
16
16

14
1904
769
16
16

14
1920
753
16
16

14
1936
737
16
16

14
1952
721
16
16

13
1936
689
16
16

13
1920
689
16
16

13
1904
689
16
16

13
1888
689
16
16

13
1872
689
16
16

13
1856
689
16
16

13
1840
689
16
16

13
1824
689
16
16

13
1808
705
16
16

13
1808
689
16
16

13
1808
673
16
16

