51
128
0 0 0 0 0 0 0 0 0 0 0 0 0 0 0 0 0 0 0 0 0 0 0 0 0 0 0 0 0 0 0 0 0 0 0 0 0 0 0 0 0 0 0 0 0 0 0 0 0 0 0 0 0 0 0 0 0 0 0 0 0 0 0 0 0 0 0 0 0 0 0 0 0 0 0 0 0 0 0 0 0 0 0 0 0 0 0 0 0 0 0 0 0 0 0 0 0 0 0 0 0 0 0 0 0 0 0 0 0 0 0 0 0 0 0 0 0 0 0 0 0 0 0 0 0 0 0 0 
0 0 0 0 0 0 0 0 0 0 0 0 0 0 0 0 0 0 0 0 0 0 0 0 0 0 0 0 0 0 0 0 0 0 0 0 0 0 0 0 0 0 0 0 0 0 0 0 0 0 0 0 0 0 0 0 0 0 0 0 0 0 0 0 0 0 0 0 0 0 0 0 0 0 0 0 0 0 0 0 0 0 0 0 0 0 0 0 0 0 0 0 0 0 0 0 0 0 0 0 0 0 0 0 0 0 0 0 0 0 0 0 0 0 0 0 0 0 0 0 0 0 0 0 0 0 0 0 
0 0 0 0 0 0 0 0 0 0 0 0 0 0 0 0 0 0 0 0 0 0 0 0 0 0 0 0 0 0 0 0 0 0 0 0 0 0 0 0 0 0 0 0 0 0 0 0 0 0 0 0 0 0 0 0 0 0 0 0 0 0 0 0 0 0 0 0 0 0 0 0 0 0 0 0 0 0 0 0 0 0 0 0 0 0 0 0 0 0 0 0 0 0 0 0 0 0 0 0 0 0 0 0 0 0 0 0 0 0 0 0 0 0 0 0 0 0 0 0 0 0 0 0 0 0 0 0 
1 1 0 0 0 0 2 3 0 0 0 0 4 5 6 7 6 7 6 7 6 7 6 7 6 7 6 7 6 7 6 7 6 7 6 7 6 7 6 7 6 7 6 7 6 7 1 1 0 0 0 0 0 0 0 0 0 0 0 0 0 0 0 0 0 0 0 0 0 0 0 0 0 0 0 0 0 0 0 0 0 0 0 0 0 0 0 0 0 0 0 0 0 0 0 0 0 0 0 0 0 0 0 0 0 0 0 0 0 0 0 0 0 0 0 0 0 0 0 0 0 0 0 0 0 0 0 0 
1 1 0 0 0 0 8 8 0 0 0 0 4 5 9 10 9 10 11 12 13 14 11 12 15 16 11 12 15 16 11 12 15 16 11 12 15 16 11 12 15 16 11 12 17 17 1 1 0 0 0 0 0 0 0 0 0 0 0 0 0 0 0 0 0 0 0 0 0 0 0 0 0 0 0 0 0 0 0 0 0 0 0 0 0 0 0 0 0 0 0 0 0 0 0 0 0 0 0 0 0 0 0 0 0 0 0 0 0 0 0 0 0 0 0 0 0 0 0 0 0 0 0 0 0 0 0 0 
1 1 0 0 18 19 8 8 18 19 0 0 4 5 6 7 6 7 0 0 4 5 0 0 4 5 0 0 4 5 0 0 4 5 0 0 4 5 0 0 4 5 0 0 17 17 1 1 0 0 0 0 0 0 0 0 0 0 0 0 0 0 0 0 0 0 0 0 0 0 0 0 0 0 0 0 0 0 0 0 0 0 0 0 0 0 0 0 0 0 0 0 0 0 0 0 0 0 0 0 0 0 0 0 0 0 0 0 0 0 0 0 0 0 0 0 0 0 0 0 0 0 0 0 0 0 0 0 
1 1 0 0 20 21 8 8 20 21 0 0 4 5 17 17 17 17 22 23 4 5 22 23 4 5 22 23 4 5 22 23 4 5 22 23 4 5 22 23 4 5 22 23 17 17 1 1 0 0 0 0 0 0 0 0 0 0 0 0 0 0 0 0 0 0 0 0 0 0 0 0 0 0 0 0 0 0 0 0 0 0 0 0 0 0 0 0 0 0 0 0 0 0 0 0 0 0 0 0 0 0 0 0 0 0 0 0 0 0 0 0 0 0 0 0 0 0 0 0 0 0 0 0 0 0 0 0 
1 1 18 19 20 21 8 8 20 21 18 19 4 5 17 17 17 17 24 25 4 5 24 25 4 5 24 25 4 5 24 25 4 5 24 25 4 5 24 25 4 5 24 25 17 17 1 1 0 0 0 0 0 0 0 0 0 0 0 0 0 0 0 0 0 0 0 0 0 0 0 0 0 0 0 0 0 0 0 0 0 0 0 0 0 0 0 0 0 0 0 0 0 0 0 0 0 0 0 0 0 0 0 0 0 0 0 0 0 0 0 0 0 0 0 0 0 0 0 0 0 0 0 0 0 0 0 0 
26 27 20 21 20 21 28 29 20 21 20 21 4 5 17 17 17 17 30 25 4 5 30 25 4 5 30 25 4 5 30 25 4 5 30 25 4 5 30 25 4 5 30 25 17 17 1 1 0 0 0 0 0 0 0 0 0 0 0 0 0 0 0 0 0 0 0 0 0 0 0 0 0 0 0 0 0 0 0 0 0 0 0 0 0 0 0 0 0 0 0 0 0 0 0 0 0 0 0 0 0 0 0 0 0 0 0 0 0 0 0 0 0 0 0 0 0 0 0 0 0 0 0 0 0 0 0 0 
31 32 20 21 20 21 33 34 20 21 20 21 4 5 17 17 17 17 24 25 4 5 24 25 4 5 24 25 4 5 24 25 4 5 24 25 4 5 24 25 4 5 24 25 17 17 1 1 0 0 0 0 0 0 0 0 0 0 0 0 0 0 0 0 0 0 0 0 0 0 0 0 0 0 0 0 0 0 0 0 0 0 0 0 0 0 0 0 0 0 0 0 0 0 0 0 0 0 0 0 0 0 0 0 0 0 0 0 0 0 0 0 0 0 0 0 0 0 0 0 0 0 0 0 0 0 0 0 
35 36 37 38 37 38 39 40 37 38 37 38 4 5 1 1 1 1 1 1 1 1 1 1 1 1 1 1 1 1 1 1 1 1 1 1 1 1 1 1 1 1 1 1 17 17 1 1 0 0 0 0 0 0 0 0 0 0 0 0 0 0 0 0 0 0 0 0 0 0 0 0 0 0 0 0 0 0 0 0 0 0 0 0 0 0 0 0 0 0 0 0 0 0 0 0 0 0 0 0 0 0 0 0 0 0 0 0 0 0 0 0 0 0 0 0 0 0 0 0 0 0 0 0 0 0 0 0 
1 1 1 1 1 1 1 1 1 1 1 1 1 1 17 17 17 17 17 17 17 17 17 17 17 17 17 17 17 17 17 17 17 17 17 17 17 17 17 17 17 17 17 17 41 1 1 1 0 0 0 0 0 0 0 0 0 0 0 0 0 0 0 0 0 0 0 0 0 0 0 0 0 0 0 0 0 0 0 0 0 0 0 0 0 0 0 0 0 0 0 0 0 0 0 0 0 0 0 0 0 0 0 0 0 0 0 0 0 0 0 0 0 0 0 0 0 0 0 0 0 0 0 0 0 0 0 0 
9 10 9 10 9 10 9 10 9 10 9 10 9 10 9 10 9 10 11 12 15 16 11 12 15 16 11 12 15 16 11 12 15 16 11 12 15 16 11 12 15 16 42 43 17 17 1 1 0 0 0 0 0 0 0 0 0 0 0 0 0 0 0 0 0 0 0 0 0 0 0 0 0 0 0 0 0 0 0 0 0 0 0 0 0 0 0 0 0 0 0 0 0 0 0 0 0 0 0 0 0 0 0 0 0 0 0 0 0 0 0 0 0 0 0 0 0 0 0 0 0 0 0 0 0 0 0 0 
6 7 6 7 6 7 6 7 6 7 6 7 6 7 6 7 6 7 0 0 4 5 0 0 4 5 0 0 4 5 0 0 4 5 0 0 4 5 0 0 4 5 43 17 17 17 1 1 0 0 0 0 0 0 0 0 0 0 0 0 0 0 0 0 0 0 0 0 0 0 0 0 0 0 0 0 0 0 0 0 0 0 0 0 0 0 0 0 0 0 0 0 0 0 0 0 0 0 0 0 0 0 0 0 0 0 0 0 0 0 0 0 0 0 0 0 0 0 0 0 0 0 0 0 0 0 0 0 
0 0 0 0 0 0 0 0 0 0 0 0 0 0 0 0 0 0 0 0 0 0 0 0 0 0 0 0 0 0 0 0 0 0 0 0 0 0 0 0 0 0 0 0 0 0 0 0 0 0 0 0 0 0 0 0 0 0 0 0 0 0 0 0 0 0 0 0 0 0 0 0 0 0 0 0 0 0 0 0 0 0 0 0 0 0 0 0 0 0 0 0 0 0 0 0 0 0 0 0 0 0 0 0 0 0 0 0 0 0 0 0 0 0 0 0 0 0 0 0 0 0 0 0 0 0 0 0 
1 1 6 7 6 7 6 7 6 7 6 7 6 7 6 7 17 17 0 0 4 5 0 0 4 5 0 0 4 5 0 0 4 5 0 0 4 5 0 0 17 17 43 17 17 17 1 1 1 1 4 5 44 45 4 5 17 17 4 5 44 45 4 5 46 47 17 17 17 17 48 49 17 17 4 5 44 45 4 5 17 17 4 5 17 17 4 5 17 17 4 5 44 45 1 1 0 0 0 0 0 0 0 0 0 0 0 0 0 0 0 0 0 0 0 0 0 0 0 0 0 0 0 0 0 0 0 0 
1 1 11 12 15 16 11 12 15 16 11 12 15 16 11 12 46 47 0 0 4 5 0 0 4 5 0 0 4 5 0 0 4 5 0 0 4 5 0 0 42 43 46 47 50 51 1 1 1 1 4 5 17 17 4 5 52 53 4 5 17 17 4 5 54 55 17 17 17 17 17 17 52 53 4 5 54 55 4 5 17 17 4 5 17 17 4 5 52 53 4 5 56 27 1 1 0 0 0 0 0 0 0 0 0 0 0 0 0 0 0 0 0 0 0 0 0 0 0 0 0 0 0 0 0 0 0 0 
1 1 0 0 4 5 0 0 4 5 0 0 4 5 0 0 1 1 1 1 1 1 1 1 1 1 1 1 1 1 1 1 1 1 1 1 1 1 1 1 1 1 1 1 1 1 1 1 1 1 4 5 17 17 4 5 44 45 4 5 17 17 4 5 48 49 17 17 17 17 17 17 44 45 4 5 48 49 4 5 17 17 4 5 17 17 1 1 44 45 4 5 46 47 1 1 0 0 0 0 0 0 0 0 0 0 0 0 0 0 0 0 0 0 0 0 0 0 0 0 0 0 0 0 0 0 0 0 
1 1 37 37 4 5 37 37 4 5 37 37 4 5 0 0 17 17 11 12 15 16 57 58 15 16 57 58 15 16 57 58 15 16 11 12 15 16 11 12 4 5 17 17 17 17 54 55 26 27 4 5 50 51 4 5 50 51 4 5 50 51 4 5 17 17 17 17 52 53 50 51 17 17 4 5 56 27 4 5 50 51 4 5 52 53 4 5 50 51 4 5 46 47 1 1 0 0 0 0 0 0 0 0 0 0 0 0 0 0 0 0 0 0 0 0 0 0 0 0 0 0 0 0 0 0 0 0 
1 1 37 37 4 5 37 37 4 5 37 37 4 5 1 1 17 17 0 0 4 5 59 60 4 5 61 62 4 5 61 62 4 5 0 0 4 5 0 0 4 5 17 17 17 17 48 49 31 32 4 5 1 1 1 1 1 1 1 1 1 1 1 1 17 17 17 17 44 45 1 1 17 17 4 5 46 47 1 1 1 1 1 1 44 45 4 5 1 1 1 1 1 1 1 1 0 0 0 0 0 0 0 0 0 0 0 0 0 0 0 0 0 0 0 0 0 0 0 0 0 0 0 0 0 0 0 0 
1 1 37 37 4 5 37 37 4 5 63 64 1 1 17 17 56 27 0 0 4 5 61 62 4 5 0 0 4 5 0 0 4 5 37 37 4 5 37 37 4 5 17 17 46 47 50 51 35 36 4 5 54 55 15 16 11 12 15 16 11 12 15 16 17 17 17 17 17 17 15 16 56 27 13 14 11 12 15 16 11 12 4 5 46 47 13 14 11 12 15 16 11 12 1 1 0 0 0 0 0 0 0 0 0 0 0 0 0 0 0 0 0 0 0 0 0 0 0 0 0 0 0 0 0 0 0 0 
1 1 37 37 4 5 37 37 4 5 64 17 17 17 17 17 46 47 0 0 4 5 0 0 4 5 0 0 4 5 0 0 4 5 37 37 4 5 37 37 4 5 17 17 1 1 1 1 1 1 1 1 48 49 4 5 0 0 4 5 0 0 4 5 17 17 17 17 17 17 4 5 46 47 4 5 0 0 4 5 0 0 4 5 1 1 4 5 0 0 4 5 0 0 1 1 0 0 0 0 0 0 0 0 0 0 0 0 0 0 0 0 0 0 0 0 0 0 0 0 0 0 0 0 0 0 0 0 
1 1 37 38 4 5 37 38 1 1 46 47 50 51 50 51 46 47 0 0 4 5 0 0 4 5 0 0 4 5 0 0 4 5 37 37 4 5 37 37 4 5 1 1 1 1 1 1 1 1 13 14 52 53 4 5 17 17 4 5 17 17 4 5 46 47 52 53 50 51 4 5 65 66 4 5 46 47 4 5 50 51 4 5 50 51 4 5 50 51 4 5 50 51 1 1 0 0 0 0 0 0 0 0 0 0 0 0 0 0 0 0 0 0 0 0 0 0 0 0 0 0 0 0 0 0 0 0 
1 1 1 1 1 1 1 1 1 1 1 1 1 1 1 1 1 1 1 1 1 1 1 1 1 1 1 1 1 1 1 1 4 5 37 37 4 5 37 37 4 5 1 1 1 1 1 1 1 1 4 5 44 45 4 5 17 17 4 5 17 17 1 1 1 1 44 45 1 1 1 1 67 68 1 1 1 1 1 1 1 1 1 1 1 1 1 1 1 1 1 1 1 1 1 1 0 0 0 0 0 0 0 0 0 0 0 0 0 0 0 0 0 0 0 0 0 0 0 0 0 0 0 0 0 0 0 0 
1 1 9 10 9 10 9 10 9 10 9 10 9 10 9 10 9 10 9 10 9 10 9 10 9 10 9 10 9 10 1 1 4 5 37 38 4 5 37 38 4 5 1 1 1 1 1 1 1 1 4 5 42 43 1 1 54 55 1 1 11 12 15 16 11 12 0 0 11 12 15 16 0 0 15 16 11 12 15 16 11 12 15 16 11 12 15 16 11 12 15 16 11 12 1 1 0 0 0 0 0 0 0 0 0 0 0 0 0 0 0 0 0 0 0 0 0 0 0 0 0 0 0 0 0 0 0 0 
1 1 6 7 6 7 6 7 6 7 6 7 6 7 6 7 6 7 6 7 6 7 6 7 6 7 6 7 6 7 1 1 1 1 1 1 1 1 1 1 1 1 1 1 1 1 1 1 1 1 4 5 43 17 13 69 48 49 13 69 0 0 4 5 0 0 0 0 0 0 4 5 0 0 4 5 0 0 4 5 0 0 4 5 0 0 4 5 0 0 4 5 0 0 1 1 0 0 0 0 0 0 0 0 0 0 0 0 0 0 0 0 0 0 0 0 0 0 0 0 0 0 0 0 0 0 0 0 
0 0 0 0 0 0 0 0 0 0 0 0 0 0 0 0 0 0 0 0 0 0 0 0 0 0 0 0 0 0 0 0 0 0 0 0 0 0 0 0 0 0 0 0 0 0 0 0 0 0 0 0 0 0 0 0 0 0 0 0 0 0 0 0 0 0 0 0 0 0 0 0 0 0 0 0 0 0 0 0 0 0 0 0 0 0 0 0 0 0 0 0 0 0 0 0 0 0 0 0 0 0 0 0 0 0 0 0 0 0 0 0 0 0 0 0 0 0 0 0 0 0 0 0 0 0 0 0 
0 0 0 0 0 0 0 0 0 0 0 0 0 0 0 0 0 0 0 0 0 0 0 0 0 0 0 0 0 0 0 0 0 0 0 0 0 0 0 0 0 0 0 0 0 0 0 0 1 1 4 5 43 17 4 5 17 17 4 5 17 17 4 5 17 17 4 5 17 17 17 17 17 17 4 5 44 45 4 5 17 17 4 5 17 17 4 5 17 17 4 5 17 17 4 5 1 17 44 45 48 49 4 5 17 17 48 49 44 45 17 17 4 5 17 17 44 45 4 5 17 17 17 17 44 45 1 1 
0 0 0 0 0 0 0 0 0 0 0 0 0 0 0 0 0 0 0 0 0 0 0 0 0 0 0 0 0 0 0 0 0 0 0 0 0 0 0 0 0 0 0 0 0 0 0 0 1 1 4 70 17 17 4 5 17 17 4 5 56 27 4 5 17 17 4 5 17 17 17 17 52 53 4 5 17 17 4 5 17 17 4 5 17 17 4 5 17 17 4 5 17 17 4 5 26 27 54 55 17 17 4 5 56 27 52 53 17 17 17 17 4 5 52 53 17 17 4 5 56 27 52 53 17 17 1 1 
0 0 0 0 0 0 0 0 0 0 0 0 0 0 0 0 0 0 0 0 0 0 0 0 0 0 0 0 0 0 0 0 0 0 0 0 0 0 0 0 0 0 0 0 0 0 0 0 1 1 1 1 17 17 4 5 17 17 4 5 46 47 4 5 17 17 1 1 17 17 17 17 44 45 4 5 17 17 4 5 17 17 4 5 17 17 4 5 17 17 4 5 17 17 4 5 31 32 48 49 17 17 4 5 46 47 44 45 17 17 17 17 4 5 44 45 17 17 4 5 46 47 44 45 17 17 1 1 
0 0 0 0 0 0 0 0 0 0 0 0 0 0 0 0 0 0 0 0 0 0 0 0 0 0 0 0 0 0 0 0 0 0 0 0 0 0 0 0 0 0 0 0 0 0 0 0 1 1 4 5 50 51 4 5 50 51 4 5 46 47 4 5 50 51 4 5 50 51 46 47 46 47 4 5 50 51 4 5 50 51 4 5 46 47 4 5 46 47 4 5 50 51 4 5 35 36 17 17 52 53 4 5 46 47 17 17 50 51 50 51 4 5 54 55 17 17 4 5 46 47 50 51 17 17 1 1 
0 0 0 0 0 0 0 0 0 0 0 0 0 0 0 0 0 0 0 0 0 0 0 0 0 0 0 0 0 0 0 0 0 0 0 0 0 0 0 0 0 0 0 0 0 0 0 0 1 1 1 1 1 1 1 1 1 1 1 1 1 1 1 1 1 1 4 5 1 1 1 1 1 1 1 1 1 1 1 1 1 1 1 1 1 1 1 1 1 1 1 1 1 1 1 1 1 1 17 17 44 45 1 1 1 1 17 17 1 1 1 1 1 1 48 49 17 17 1 1 1 1 1 1 17 17 1 1 
0 0 0 0 0 0 0 0 0 0 0 0 0 0 0 0 0 0 0 0 0 0 0 0 0 0 0 0 0 0 0 0 0 0 0 0 0 0 0 0 0 0 0 0 0 0 0 0 1 1 4 5 11 12 15 16 11 12 15 16 11 12 15 16 11 12 15 16 11 12 15 16 11 12 15 16 11 12 15 16 11 12 15 16 11 12 15 16 11 12 15 16 11 12 1 1 1 17 17 17 46 47 4 5 1 1 17 17 17 17 1 1 1 17 50 51 56 27 1 1 54 55 56 27 17 17 1 1 
0 0 0 0 0 0 0 0 0 0 0 0 0 0 0 0 0 0 0 0 0 0 0 0 0 0 0 0 0 0 0 0 0 0 0 0 0 0 0 0 0 0 0 0 0 0 0 0 1 1 4 5 0 0 4 5 0 0 4 5 0 0 4 5 0 0 4 5 0 0 4 5 0 0 4 5 0 0 4 5 0 0 4 5 0 0 4 5 0 0 4 5 0 0 1 1 1 17 17 17 1 1 4 5 1 1 17 17 17 17 1 1 1 17 1 1 46 47 1 1 48 49 46 47 41 1 1 1 
0 0 0 0 0 0 0 0 0 0 0 0 0 0 0 0 0 0 0 0 0 0 0 0 0 0 0 0 0 0 0 0 0 0 0 0 0 0 0 0 0 0 0 0 0 0 0 0 1 1 4 5 52 53 4 5 52 53 4 5 52 53 4 5 52 53 4 5 52 53 4 5 52 53 4 5 52 53 4 5 52 53 4 5 52 53 4 5 52 53 4 5 52 53 1 1 1 17 52 53 54 55 4 5 1 1 17 17 52 53 1 1 1 17 17 17 46 47 1 1 17 17 42 43 4 5 1 1 
0 0 0 0 0 0 0 0 0 0 0 0 0 0 0 0 0 0 0 0 0 0 0 0 0 0 0 0 0 0 0 0 0 0 0 0 0 0 0 0 0 0 0 0 0 0 0 0 1 1 4 5 44 45 4 5 44 45 4 5 44 45 4 5 44 45 4 5 44 45 4 5 44 45 4 5 44 45 4 5 44 45 4 5 44 45 4 5 44 45 4 5 44 45 1 1 1 17 44 45 48 49 4 5 1 1 17 17 44 45 1 1 1 17 17 17 1 1 1 1 17 17 43 17 4 5 1 1 
0 0 0 0 0 0 0 0 0 0 0 0 0 0 0 0 0 0 0 0 0 0 0 0 0 0 0 0 0 0 0 0 0 0 0 0 0 0 0 0 0 0 0 0 0 0 0 0 1 1 4 5 54 55 4 5 17 17 4 5 54 55 4 5 54 55 4 5 56 27 4 5 17 17 4 5 54 55 4 5 17 17 4 5 54 55 4 5 17 17 4 5 54 55 1 1 1 17 56 27 17 17 4 5 1 1 17 17 17 17 1 1 1 17 17 17 17 17 17 17 42 43 17 17 4 5 1 1 
0 0 0 0 0 0 0 0 0 0 0 0 0 0 0 0 0 0 0 0 0 0 0 0 0 0 0 0 0 0 0 0 0 0 0 0 0 0 0 0 0 0 0 0 0 0 0 0 1 1 4 5 48 49 4 5 17 17 4 5 48 49 4 5 48 49 4 5 46 47 4 5 17 17 4 5 48 49 4 5 17 17 4 5 48 49 4 5 17 17 4 5 48 49 1 1 1 17 46 47 17 17 4 5 1 1 17 17 17 17 1 1 1 17 17 17 17 17 17 17 43 17 17 17 4 5 1 1 
0 0 0 0 0 0 0 0 0 0 0 0 0 0 0 0 0 0 0 0 0 0 0 0 0 0 0 0 0 0 0 0 0 0 0 0 0 0 0 0 0 0 0 0 0 0 0 0 0 0 0 0 0 0 0 0 0 0 0 0 0 0 0 0 0 0 0 0 0 0 0 0 0 0 0 0 0 0 0 0 0 0 0 0 0 0 0 0 0 0 0 0 0 0 0 0 0 0 0 0 0 0 0 0 0 0 0 0 0 0 0 0 0 0 0 0 0 0 0 0 0 0 0 0 0 0 0 0 
0 0 0 71 72 73 74 75 76 77 78 79 0 0 0 0 80 81 82 83 84 85 86 87 88 89 0 0 0 0 0 0 0 0 0 0 0 0 0 0 0 0 0 0 0 0 0 0 0 0 0 0 0 0 0 0 0 0 0 0 0 0 0 0 0 0 0 0 0 0 0 0 0 0 0 0 0 0 0 0 0 0 0 0 0 0 0 0 0 0 0 0 0 0 0 0 0 0 0 0 0 0 0 0 0 0 0 0 0 0 0 0 1 17 4 5 17 17 17 17 43 17 46 47 4 5 1 1 
0 0 0 90 91 92 93 94 95 96 97 98 0 0 0 0 99 100 101 102 103 104 105 106 107 108 0 0 0 0 0 0 0 0 0 0 0 0 0 0 0 0 0 0 0 0 0 0 0 0 0 0 0 0 0 0 0 0 0 0 0 0 0 0 0 0 0 0 0 0 0 0 0 0 0 0 0 0 0 0 0 0 0 0 0 0 0 0 0 0 0 0 0 0 0 0 0 0 0 0 0 0 0 0 0 0 0 0 0 0 0 0 1 17 4 5 17 17 42 43 17 17 54 55 4 5 1 1 
0 109 110 111 112 113 114 115 116 117 118 119 120 121 122 0 123 124 125 126 127 128 129 130 131 132 133 134 135 136 137 0 0 0 0 0 0 0 0 0 0 0 0 0 0 0 0 0 0 0 0 0 0 0 0 0 0 0 0 0 0 0 0 0 0 0 0 0 0 0 0 0 0 0 0 0 0 0 0 0 0 0 0 0 0 0 0 0 0 0 0 0 0 0 0 0 0 0 0 0 0 0 0 0 0 0 0 0 0 0 0 0 1 17 4 5 17 17 43 17 17 17 48 49 4 5 1 1 
0 138 139 140 141 142 143 144 145 146 147 148 149 150 151 152 153 154 155 156 157 158 159 160 161 162 163 164 165 166 167 0 0 0 0 0 0 0 0 0 0 0 0 0 0 0 0 0 0 0 0 0 0 0 0 0 0 0 0 0 0 0 0 0 0 0 0 0 0 0 0 0 0 0 0 0 0 0 0 0 0 0 0 0 0 0 0 0 0 0 0 0 0 0 0 0 0 0 0 0 0 0 0 0 0 0 0 0 0 0 0 0 1 1 4 5 42 43 46 47 50 51 17 17 4 5 1 1 
0 168 169 170 171 172 173 174 175 176 177 178 179 180 181 182 183 184 185 186 187 188 189 190 191 192 193 194 195 0 0 0 0 0 0 0 0 0 0 0 0 0 0 0 0 0 0 0 0 0 0 0 0 0 0 0 0 0 0 0 0 0 0 0 0 0 0 0 0 0 0 0 0 0 0 0 0 0 0 0 0 0 0 0 0 0 0 0 0 0 0 0 0 0 0 0 0 0 0 0 0 0 0 0 0 0 0 0 0 0 0 0 1 1 1 1 1 1 1 1 1 1 17 17 4 5 1 1 
0 0 196 197 198 199 200 200 200 201 200 200 200 202 203 204 205 206 207 208 209 210 211 212 213 214 215 216 217 218 219 0 0 0 0 0 0 0 0 0 0 0 0 0 0 0 0 0 0 0 0 0 0 0 0 0 0 0 0 0 0 0 0 0 0 0 0 0 0 0 0 0 0 0 0 0 0 0 0 0 0 0 0 0 0 0 0 0 0 0 0 0 0 0 0 0 0 0 0 0 0 0 0 0 0 0 0 0 0 0 0 0 1 1 4 5 54 55 17 17 17 17 17 17 4 5 1 1 
0 0 0 220 221 222 0 0 0 0 0 0 0 223 224 225 226 227 228 229 230 231 232 233 234 235 236 237 238 239 240 0 0 0 0 0 0 0 0 0 0 0 0 0 0 0 0 0 0 0 0 0 0 0 0 0 0 0 0 0 0 0 0 0 0 0 0 0 0 0 0 0 0 0 0 0 0 0 0 0 0 0 0 0 0 0 0 0 0 0 0 0 0 0 0 0 0 0 0 0 0 0 0 0 0 0 0 0 0 0 0 0 1 1 4 5 48 49 17 17 17 17 41 1 1 1 1 1 
0 0 0 0 241 242 243 244 245 246 247 248 0 249 250 251 252 253 254 255 256 257 258 259 260 261 262 263 264 265 266 0 0 0 0 0 0 0 0 0 0 0 0 0 0 0 0 0 0 0 0 0 0 0 0 0 0 0 0 0 0 0 0 0 0 0 0 0 0 0 0 0 0 0 0 0 0 0 0 0 0 0 0 0 0 0 0 0 0 0 0 0 0 0 0 0 0 0 0 0 0 0 0 0 0 0 0 0 0 0 0 0 26 27 4 5 17 17 17 17 42 43 17 17 56 27 1 1 
0 0 0 0 267 268 269 270 271 272 273 274 275 276 277 278 279 280 281 282 283 284 285 286 287 288 289 290 291 292 293 294 0 0 0 0 0 0 0 0 0 0 0 0 0 0 0 0 0 0 0 0 0 0 0 0 0 0 0 0 0 0 0 0 0 0 0 0 0 0 0 0 0 0 0 0 0 0 0 0 0 0 0 0 0 0 0 0 0 0 0 0 0 0 0 0 0 0 0 0 0 0 0 0 0 0 0 0 0 0 0 0 31 32 4 5 17 17 17 17 43 17 17 17 46 47 1 1 
0 0 295 296 297 298 299 300 301 302 303 304 305 306 307 0 308 309 310 311 312 313 314 315 316 317 318 319 320 321 322 323 0 0 0 0 0 0 0 0 0 0 0 0 0 0 0 0 0 0 0 0 0 0 0 0 0 0 0 0 0 0 0 0 0 0 0 0 0 0 0 0 0 0 0 0 0 0 0 0 0 0 0 0 0 0 0 0 0 0 0 0 0 0 0 0 0 0 0 0 0 0 0 0 0 0 0 0 0 0 0 0 35 36 4 5 46 47 42 43 50 51 50 51 46 47 1 1 
0 0 324 325 326 327 328 329 330 331 332 333 334 335 307 0 336 337 338 339 340 341 342 343 344 345 346 347 348 349 0 0 0 0 0 0 0 0 0 0 0 0 0 0 0 0 0 0 0 0 0 0 0 0 0 0 0 0 0 0 0 0 0 0 0 0 0 0 0 0 0 0 0 0 0 0 0 0 0 0 0 0 0 0 0 0 0 0 0 0 0 0 0 0 0 0 0 0 0 0 0 0 0 0 0 0 0 0 0 0 0 0 1 1 1 1 1 1 1 1 1 1 1 1 1 1 1 1 
0 0 0 0 0 0 0 0 0 0 0 0 0 0 0 0 0 0 0 0 0 0 0 0 0 0 0 0 0 0 0 0 0 0 0 0 0 0 0 0 0 0 0 0 0 0 0 0 0 0 0 0 0 0 0 0 0 0 0 0 0 0 0 0 0 0 0 0 0 0 0 0 0 0 0 0 0 0 0 0 0 0 0 0 0 0 0 0 0 0 0 0 0 0 0 0 0 0 0 0 0 0 0 0 0 0 0 0 0 0 0 0 0 0 0 0 0 0 0 0 0 0 0 0 0 0 0 0 
