591

13
16
49
16
16

13
16
65
16
16

13
16
81
16
16

13
16
97
16
16

13
16
113
16
16

13
0
113
16
16

13
0
177
16
16

13
16
177
16
16

13
32
177
16
16

13
48
177
16
16

13
64
177
16
16

13
80
177
16
16

13
96
177
16
16

13
128
177
16
16

13
112
177
16
16

13
144
177
16
16

13
160
177
16
16

13
176
177
16
16

13
176
177
16
16

13
192
177
16
16

13
208
177
16
16

13
224
161
16
16

13
240
161
16
16

13
256
161
16
16

13
256
161
16
16

13
272
161
16
16

13
288
161
16
16

13
304
161
16
16

13
320
161
16
16

13
336
161
16
16

13
352
161
16
16

13
368
161
16
16

13
384
161
16
16

13
400
161
16
16

13
416
161
16
16

13
432
161
16
16

13
448
161
16
16

13
464
161
16
16

13
480
161
16
16

13
496
161
16
16

13
512
161
16
16

13
528
161
16
16

13
544
161
16
16

13
560
161
16
16

13
576
161
16
16

13
592
161
16
16

13
608
161
16
16

13
624
161
16
16

13
640
161
16
16

13
656
161
16
16

13
672
161
16
16

13
688
161
16
16

13
720
177
16
16

13
736
177
16
16

13
736
161
16
16

13
736
145
16
16

13
736
129
16
16

13
736
113
16
16

13
736
97
16
16

13
736
81
16
16

13
736
65
16
16

13
736
49
16
16

13
16
241
16
16

13
16
257
16
16

13
16
273
16
16

13
16
289
16
16

13
16
305
16
16

13
16
321
16
16

13
16
337
16
16

13
16
353
16
16

13
16
369
16
16

13
32
369
16
16

13
48
369
16
16

13
64
369
16
16

13
80
369
16
16

13
96
369
16
16

13
112
369
16
16

13
128
369
16
16

13
144
369
16
16

13
160
369
16
16

13
176
369
16
16

13
192
369
16
16

13
208
369
16
16

13
224
369
16
16

13
240
369
16
16

13
256
369
16
16

13
272
369
16
16

13
288
369
16
16

13
304
369
16
16

13
320
369
16
16

13
336
369
16
16

13
352
369
16
16

13
368
369
16
16

13
384
369
16
16

13
400
369
16
16

13
416
369
16
16

13
432
369
16
16

13
448
369
16
16

13
464
369
16
16

13
480
369
16
16

13
496
369
16
16

13
496
385
16
16

13
496
401
16
16

13
512
401
16
16

13
528
401
16
16

13
560
401
16
16

13
544
401
16
16

13
576
401
16
16

13
592
401
16
16

13
608
401
16
16

13
624
401
16
16

13
640
401
16
16

13
656
401
16
16

13
672
401
16
16

13
688
401
16
16

13
704
401
16
16

13
720
401
16
16

13
736
401
16
16

13
752
401
16
16

13
768
401
16
16

13
784
401
16
16

13
672
385
16
16

13
672
369
16
16

13
672
353
16
16

13
688
353
16
16

13
704
353
16
16

13
720
337
16
16

13
736
337
16
16

13
752
337
16
16

13
768
337
16
16

13
784
337
16
16

13
800
337
16
16

13
816
337
16
16

13
784
241
16
16

13
784
257
16
16

13
784
273
16
16

13
768
273
16
16

13
752
273
16
16

13
736
273
16
16

13
720
273
16
16

13
688
273
16
16

13
672
273
16
16

13
656
273
16
16

13
640
273
16
16

13
624
273
16
16

13
608
273
16
16

13
592
273
16
16

13
576
273
16
16

13
560
273
16
16

13
544
273
16
16

13
528
273
16
16

13
512
273
16
16

13
496
273
16
16

13
480
273
16
16

13
464
273
16
16

13
448
273
16
16

13
432
273
16
16

13
416
273
16
16

13
400
273
16
16

13
384
273
16
16

13
368
273
16
16

13
352
273
16
16

13
336
273
16
16

13
320
273
16
16

13
304
273
16
16

13
288
273
16
16

13
272
273
16
16

13
256
273
16
16

13
240
305
16
16

13
224
305
16
16

13
208
321
16
16

13
192
321
16
16

13
144
353
16
16

13
736
257
16
16

13
736
241
16
16

13
832
305
16
16

13
848
305
16
16

13
864
305
16
16

13
880
305
16
16

13
896
305
16
16

13
912
305
16
16

13
928
305
16
16

13
944
305
16
16

13
960
305
16
16

13
976
305
16
16

13
992
305
16
16

13
1008
305
16
16

13
1120
305
16
16

13
1136
305
16
16

13
1248
305
16
16

13
1264
305
16
16

13
1280
305
16
16

13
1296
305
16
16

13
1312
305
16
16

13
1328
305
16
16

13
1376
273
16
16

13
1408
305
16
16

13
1424
305
16
16

13
1440
305
16
16

13
1456
305
16
16

13
1472
305
16
16

13
1488
305
16
16

13
1504
305
16
16

13
1504
289
16
16

13
1504
273
16
16

13
1504
257
16
16

13
1504
241
16
16

13
1504
337
16
16

13
1504
353
16
16

13
1504
337
16
16

13
1504
321
16
16

13
1504
369
16
16

13
1488
369
16
16

13
1472
369
16
16

13
1456
369
16
16

13
1456
369
16
16

13
1440
369
16
16

13
1408
369
16
16

13
1424
369
16
16

13
1392
369
16
16

13
1376
369
16
16

13
1360
369
16
16

13
1344
369
16
16

13
1328
369
16
16

13
1312
369
16
16

13
1296
369
16
16

13
1280
369
16
16

13
1264
369
16
16

13
1248
369
16
16

13
1232
369
16
16

13
1216
369
16
16

13
1200
369
16
16

13
1184
369
16
16

13
1136
369
16
16

13
1120
369
16
16

13
1120
369
16
16

13
1104
369
16
16

13
1088
369
16
16

13
1040
369
16
16

13
1024
369
16
16

13
1008
369
16
16

13
992
369
16
16

13
944
385
16
16

13
928
385
16
16

13
880
385
16
16

13
864
385
16
16

13
784
385
16
16

13
784
369
16
16

13
784
353
16
16

13
784
433
16
16

13
784
449
16
16

13
784
465
16
16

13
800
465
16
16

13
816
465
16
16

13
784
481
16
16

13
784
497
16
16

13
800
497
16
16

13
816
497
16
16

13
784
513
16
16

13
784
529
16
16

13
784
545
16
16

13
784
561
16
16

13
784
577
16
16

13
784
593
16
16

13
832
497
16
16

13
848
497
16
16

13
864
497
16
16

13
880
497
16
16

13
896
497
16
16

13
912
497
16
16

13
928
497
16
16

13
944
497
16
16

13
960
497
16
16

13
976
497
16
16

13
992
497
16
16

13
1008
497
16
16

13
1024
497
16
16

13
1040
497
16
16

13
1056
465
16
16

13
1072
465
16
16

13
1088
497
16
16

13
1104
497
16
16

13
1120
497
16
16

13
1136
497
16
16

13
1152
497
16
16

13
1168
497
16
16

13
1184
497
16
16

13
1200
497
16
16

13
1216
497
16
16

13
1232
497
16
16

13
1248
497
16
16

13
1264
497
16
16

13
1280
497
16
16

13
1296
497
16
16

13
1312
497
16
16

13
1328
497
16
16

13
1344
497
16
16

13
1360
497
16
16

13
1376
497
16
16

13
1392
497
16
16

13
1408
497
16
16

13
1424
497
16
16

13
1440
497
16
16

13
1456
497
16
16

13
1472
497
16
16

13
1488
497
16
16

13
1504
497
16
16

13
1520
497
16
16

13
1536
497
16
16

13
1552
497
16
16

13
1536
433
16
16

13
1536
513
16
16

13
1536
529
16
16

13
1536
545
16
16

13
1536
561
16
16

13
1536
577
16
16

13
1536
593
16
16

13
1632
497
16
16

13
1648
497
16
16

13
1616
529
16
16

13
1600
529
16
16

13
1664
497
16
16

13
1680
497
16
16

13
1664
513
16
16

13
1664
529
16
16

13
1664
545
16
16

13
1664
561
16
16

13
1664
577
16
16

13
1664
593
16
16

13
1680
593
16
16

13
1680
577
16
16

13
1680
561
16
16

13
1680
545
16
16

13
1680
529
16
16

13
1680
513
16
16

13
1728
497
16
16

13
1744
497
16
16

13
1760
497
16
16

13
1776
497
16
16

13
1792
497
16
16

13
1808
497
16
16

13
1792
513
16
16

13
1760
513
16
16

13
1760
529
16
16

13
1760
545
16
16

13
1760
561
16
16

13
1760
577
16
16

13
1760
593
16
16

13
1792
593
16
16

13
1792
577
16
16

13
1792
561
16
16

13
1792
545
16
16

13
1792
529
16
16

13
1824
529
16
16

13
1840
529
16
16

13
1888
513
16
16

13
1904
513
16
16

13
1904
497
16
16

13
1920
497
16
16

13
1936
497
16
16

13
1952
497
16
16

13
1968
497
16
16

13
2016
433
16
16

13
2016
449
16
16

13
2016
465
16
16

13
2016
481
16
16

13
2016
497
16
16

13
2016
513
16
16

13
2016
529
16
16

13
2000
529
16
16

13
1904
545
16
16

13
1904
561
16
16

13
1888
561
16
16

13
1872
561
16
16

13
1856
561
16
16

13
1888
545
16
16

13
1888
529
16
16

13
1904
529
16
16

13
1840
529
16
16

13
2016
545
16
16

13
2016
561
16
16

13
2016
577
16
16

13
2016
593
16
16

13
2016
625
16
16

13
2016
641
16
16

13
2016
657
16
16

13
2016
673
16
16

13
2016
721
16
16

13
2016
737
16
16

13
2016
753
16
16

13
2016
769
16
16

13
2016
785
16
16

13
2000
785
16
16

13
1984
785
16
16

13
1968
785
16
16

13
1952
785
16
16

13
1936
785
16
16

13
1920
785
16
16

13
1904
785
16
16

13
1888
785
16
16

13
1872
785
16
16

13
1856
785
16
16

13
1840
785
16
16

13
1824
785
16
16

13
1808
785
16
16

13
1792
785
16
16

13
1792
721
16
16

13
1792
705
16
16

13
1792
689
16
16

13
1792
673
16
16

13
1792
657
16
16

13
1792
641
16
16

13
1792
609
16
16

13
1792
625
16
16

13
1808
673
16
16

13
1808
689
16
16

13
1808
705
16
16

13
1808
721
16
16

13
1824
689
16
16

13
1840
689
16
16

13
1856
689
16
16

13
1872
689
16
16

13
1888
689
16
16

13
1904
689
16
16

13
1920
689
16
16

13
1936
689
16
16

10
268
105
8
16

10
204
113
8
16

10
332
105
8
16

10
396
105
8
16

10
460
105
8
16

10
524
105
8
16

10
588
105
8
16

10
652
105
8
16

10
716
105
8
16

10
140
329
8
16

10
204
329
8
16

10
268
337
8
16

10
332
337
8
16

10
396
337
8
16

10
460
337
8
16

10
524
337
8
16

10
588
337
8
16

10
652
337
8
16

10
908
241
8
16

10
1036
241
8
16

10
1164
241
8
16

10
1292
241
8
16

10
1356
241
8
16

10
1484
241
8
16

10
1420
337
8
16

10
1228
329
8
16

10
1100
329
8
16

10
972
329
8
16

10
844
337
8
16

10
844
433
8
16

10
908
465
8
16

10
972
433
8
16

10
1036
465
8
16

10
1100
433
8
16

10
1164
433
8
16

10
1228
433
8
16

10
1292
433
8
16

10
1356
433
8
16

10
1420
433
8
16

10
1484
433
8
16

10
1612
433
8
16

10
1676
433
8
16

10
1740
433
8
16

10
1804
433
8
16

10
1868
433
8
16

10
1932
433
8
16

10
1996
433
8
16

10
1868
721
8
16

10
1932
625
8
16

10
1996
721
8
16

19
200
121
16
16

25
268
97
8
8

25
332
97
8
8

25
396
97
8
8

25
460
97
8
8

16
524
97
16
16

25
588
97
8
8

25
652
97
8
8

25
716
97
8
8

19
72
313
16
16

25
140
321
8
8

25
204
321
8
8

25
268
337
8
8

25
332
337
8
8

25
396
337
8
8

21
396
337
16
16

31
456
345
16
16

25
524
337
8
8

25
588
337
8
8

25
652
337
8
8

22
844
337
15
15

25
908
241
8
8

25
972
321
8
8

25
1036
241
8
8

25
1100
321
8
8

25
1164
241
8
8

25
1228
321
8
8

33
1288
249
15
16

25
1356
241
8
8

25
1484
241
8
8

22
1420
337
15
15

25
844
433
8
8

19
904
473
16
16

25
972
433
8
8

19
1032
473
16
16

25
1100
433
8
8

25
1164
433
8
8

30
1224
441
16
9

25
1292
433
8
8

25
1356
433
8
8

25
1420
433
8
8

25
1484
433
8
8

25
1612
433
8
8

22
1676
433
15
15

25
1740
433
8
8

25
1804
433
8
8

25
1868
433
8
8

25
1932
433
8
8

25
1996
433
8
8

29
1864
729
16
16

25
1932
625
8
8

19
1992
729
16
16

6
280
105
16
16

6
488
137
16
16

6
984
345
16
16

6
1080
377
16
16

6
1112
345
16
16

6
1288
457
16
16

3
240
273
16
32

3
304
241
16
32

2
1920
657
16
32

2
1856
529
16
32

2
1664
465
16
32

2
976
465
16
32

2
1248
337
16
32

2
1472
273
16
32

2
1280
273
16
32

8
140
273
16
16

8
1836
433
16
16

8
1836
625
16
16

17
1920
769
16
16

26
1168
481
16
12

1
96
129
32
32

18
128
353
16
16

24
700
337
16
13

24
1388
273
16
13

18
1888
497
16
16

12
128
353
16
16

12
704
337
16
16

12
1392
273
16
16

12
1888
497
16
16

12
2016
689
16
16

12
2016
705
16
16

14
1904
769
16
16

14
1920
753
16
16

14
1936
737
16
16

14
1952
721
16
16

14
1872
673
16
16

14
1888
657
16
16

14
1904
641
16
16

14
1920
625
16
16

14
1920
593
16
16

14
1936
577
16
16

14
1952
561
16
16

14
1968
545
16
16

14
1984
529
16
16

14
816
449
16
16

14
832
433
16
16

14
832
401
16
16

14
848
385
16
16

14
160
337
16
16

14
176
321
16
16

14
656
257
16
16

14
672
241
16
16

14
672
209
16
16

14
688
193
16
16

14
704
177
16
16

11
0
129
32
48

11
768
289
32
48

11
1536
449
32
48

11
1792
737
32
48

4
344
361
16
16

4
472
265
16
16

15
1024
305
32
16

15
1200
305
32
16

